screenHeight = 800.000000
screenWidth = 680.000000
volume = 0.000000
